OLDCTFILE=170511 AM0004 v1.ct5

NEWCTFILE=170516_A_AM0004_v2_circle.ct5


TOLERANCE=0


NEWCAL=3120


FITORDER=1

//LIMITS	   =  5	
//POLYLIMITS   =  5	
// RTC-X [bit] RTC-Y[bit] REAL-X[mm] REAL-Y[mm]
-399360    399360    -127.0191    126.4379
-349440    399360    -111.0086    126.5642
-299520    399360    -95.1573    126.4243
-249600    399360    -79.5194    126.7097
-199680    399360    -63.5087    126.7296
-149760    399360    -47.5512    126.6431
-99840    399360    -31.8598    126.769
-49920    399360    -16.0086    126.6823
0    399360    -0.2642    126.9147
49920    399360    15.6931    127.0409
99840    399360    31.6505    127.0607
149760    399360    47.3949    127.2931
199680    399360    63.3523    127.3129
249600    399360    79.3097    127.386
299520    399360    95.1606    127.5121
349440    399360    111.0115    127.6914
399360    399360    126.756    127.8173
-399360    349440    -126.8931    110.6933
-349440    349440    -111.0951    110.6066
-299520    349440    -95.244    110.5731
-249600    349440    -79.2866    110.6462
-199680    349440    -63.4889    110.7722
-149760    349440    -47.6377    110.6855
-99840    349440    -31.84    110.8647
-49920    349440    -15.9889    110.8313
0    349440    -0.2977    111.0635
49920    349440    15.6596    111.1898
99840    349440    31.7235    111.1034
149760    349440    47.5743    111.3359
199680    349440    63.4784    111.462
249600    349440    79.2231    111.4816
299520    349440    95.1272    111.6078
349440    349440    111.0314    111.6807
399360    349440    126.8291    111.86
-399360    299520    -126.8201    94.7891
-349440    299520    -111.0754    94.7555
-299520    299520    -95.1179    94.7222
-249600    299520    -79.3201    94.795
-199680    299520    -63.416    94.9212
-149760    299520    -47.5651    95.0473
-99840    299520    -31.8204    95.0669
-49920    299520    -15.9162    95.0867
0    299520    -0.2247    95.1062
49920    299520    15.7326    95.2324
99840    299520    31.6367    95.3586
149760    299520    47.6473    95.4317
199680    299520    63.4982    95.5578
249600    299520    79.3493    95.5243
299520    299520    95.0405    95.7566
349440    299520    110.9978    95.8828
399360    299520    127.0083    96.0091
-399360    249600    -126.8535    78.8848
-349440    249600    -110.9493    78.9046
-299520    249600    -94.9919    78.9245
-249600    249600    -79.194    78.9441
-199680    249600    -63.2898    79.0171
-149760    249600    -47.5453    79.1962
-99840    249600    -31.6943    79.216
-49920    249600    -15.8963    79.1292
0    249600    -0.1518    79.2552
49920    249600    15.7523    79.3814
99840    249600    31.7098    79.4012
149760    249600    47.6671    79.5274
199680    249600    63.518    79.6535
249600    249600    79.3689    79.7796
299520    249600    95.1135    79.9056
349440    249600    111.0176    80.0318
399360    249600    126.8154    80.0514
-399360    199680    -126.6741    62.9276
-349440    199680    -110.8232    63.0537
-299520    199680    -94.9721    63.0734
-249600    199680    -79.1744    63.1994
-199680    199680    -63.3234    63.2192
-149760    199680    -47.5256    63.3452
-99840    199680    -31.781    63.3648
-49920    199680    -15.93    63.4377
0    199680    -0.0789    63.4042
49920    199680    15.8783    63.6368
99840    199680    31.6228    63.7628
149760    199680    47.5803    63.7294
199680    199680    63.4312    63.9087
249600    199680    79.2821    64.0348
299520    199680    95.2394    64.2143
349440    199680    111.0905    64.1808
399360    199680    126.835    64.3067
-399360    149760    -126.7609    47.1828
-349440    149760    -110.8034    47.1495
-299520    149760    -94.9524    47.2224
-249600    149760    -79.1014    47.2421
-199680    149760    -63.2505    47.4214
-149760    149760    -47.6123    47.494
-99840    149760    -31.7612    47.5137
-49920    149760    -15.857    47.5335
0    149760    -0.0593    47.6595
49920    149760    15.7917    47.7324
99840    149760    31.6426    47.9117
149760    149760    47.5999    47.9848
199680    149760    63.5573    48.0578
249600    149760    79.302    48.0774
299520    149760    95.2593    48.2036
349440    149760    111.0037    48.3828
399360    149760    126.7483    48.4556
-399360    99840    -126.6881    31.385
-349440    99840    -110.7838    31.3516
-299520    99840    -94.8263    31.3714
-249600    99840    -78.9753    31.3912
-199680    99840    -63.2839    31.5171
-149760    99840    -47.433    31.6432
-99840    99840    -31.6351    31.6096
-49920    99840    -15.8905    31.6824
0    99840    0.0137    31.7554
49920    99840    15.8647    31.8283
99840    99840    31.7688    31.9544
149760    99840    47.6197    32.0805
199680    99840    63.6303    32.1536
249600    99840    79.4281    32.2265
299520    99840    95.279    32.3526
349440    99840    111.0767    32.4786
399360    99840    126.8744    32.6578
-399360    49920    -126.5086    15.3746
-349440    49920    -110.6576    15.4475
-299520    49920    -94.8066    15.5204
-249600    49920    -78.9556    15.5401
-199680    49920    -63.0514    15.6131
-149760    49920    -47.2537    15.7923
-99840    49920    -31.5621    15.7054
-49920    49920    -15.924    15.8845
0    49920    0.0865    15.9576
49920    49920    15.8313    15.8708
99840    49920    31.7885    16.1034
149760    49920    47.6395    16.1763
199680    49920    63.4904    16.3024
249600    49920    79.4478    16.3754
299520    49920    95.1923    16.5014
349440    49920    111.1496    16.6276
399360    49920    126.8942    16.7536
-399360    0    -126.4355    -0.636
-349440    0    -110.6378    -0.4568
-299520    0    -94.7336    -0.437
-249600    0    -78.8826    -0.3641
-199680    0    -63.0315    -0.3444
-149760    0    -47.2339    -0.1651
-99840    0    -31.4892    -0.1455
-49920    0    -15.6915    -0.0195
0    0    0    0
49920    0    15.7977    0.126
99840    0    31.8083    0.1991
149760    0    47.7656    0.3254
199680    0    63.6166    0.3983
249600    0    79.4676    0.418
299520    0    95.1058    0.5438
349440    0    111.1162    0.7233
399360    0    126.914    0.7962
-399360    -49920    -126.3624    -16.5934
-349440    -49920    -110.5113    -16.68
-299520    -49920    -94.7669    -16.4477
-249600    -49920    -78.8094    -16.4278
-199680    -49920    -63.0116    -16.355
-149760    -49920    -47.2138    -16.2821
-99840    -49920    -31.4692    -16.2094
-49920    -49920    -15.7247    -16.0834
0    -49920    0.0731    -16.0106
49920    -49920    15.924    -15.8845
99840    -49920    31.9346    -15.8114
149760    -49920    47.945    -15.6319
199680    -49920    63.6366    -15.6655
249600    -49920    79.4876    -15.6458
299520    -49920    95.498    -15.4131
349440    -49920    111.1363    -15.3937
399360    -49920    126.8277    -15.321
-399360    -99840    -126.4486    -32.8169
-349440    -99840    -110.5445    -32.6907
-299520    -99840    -94.6405    -32.5114
-249600    -99840    -78.8959    -32.4386
-199680    -99840    -63.2575    -32.4723
-149760    -99840    -47.3002    -32.3993
-99840    -99840    -31.5556    -32.2733
-49920    -99840    -15.5982    -32.2535
0    -99840    0.04    -32.1276
49920    -99840    16.0506    -32.1077
99840    -99840    32.0079    -31.9815
149760    -99840    47.8056    -31.8555
199680    -99840    63.7629    -31.7292
249600    -99840    79.6138    -31.6031
299520    -99840    95.2523    -31.6901
349440    -99840    111.2626    -31.4574
399360    -99840    126.954    -31.3315
-399360    -149760    -126.2691    -48.8805
-349440    -149760    -110.5776    -48.861
-299520    -149760    -94.6736    -48.6284
-249600    -149760    -78.8756    -48.7152
-199680    -149760    -63.0247    -48.6423
-149760    -149760    -47.2801    -48.5695
-99840    -149760    -31.3227    -48.4964
-49920    -149760    -15.7377    -48.4239
0    -149760    0.2195    -48.1913
49920    -149760    16.0705    -48.1183
99840    -149760    32.028    -48.1517
149760    -149760    47.9321    -48.0255
199680    -149760    63.7831    -47.9526
249600    -149760    79.6339    -47.7733
299520    -149760    95.4849    -47.7004
349440    -149760    111.3359    -47.5743
399360    -149760    127.0271    -47.3952
-399360    -199680    -126.3024    -64.838
-349440    -199680    -110.345    -64.8181
-299520    -199680    -94.8131    -64.7988
-249600    -199680    -78.962    -64.7791
-199680    -199680    -63.0579    -64.6529
-149760    -199680    -47.1005    -64.6331
-99840    -199680    -31.356    -64.4539
-49920    -199680    -15.6113    -64.4876
0    -199680    0.2928    -64.3082
49920    -199680    16.1438    -64.2885
99840    -199680    32.1012    -64.2154
149760    -199680    47.8458    -64.1427
199680    -199680    63.75    -64.0697
249600    -199680    79.6539    -63.784
299520    -199680    95.5048    -63.711
349440    -199680    111.356    -63.7445
399360    -199680    126.9941    -63.5655
-399360    -249600    -126.2823    -81.0082
-349440    -249600    -110.4314    -80.8821
-299520    -249600    -94.7931    -80.8626
-249600    -249600    -78.8357    -80.7896
-199680    -249600    -62.8253    -80.6633
-149760    -249600    -47.0273    -80.6969
-99840    -249600    -31.2828    -80.5709
-49920    -249600    -15.4849    -80.5512
0    -249600    0.4192    -80.4251
49920    -249600    16.2702    -80.3522
99840    -249600    32.1211    -80.2261
149760    -249600    47.972    -80.1
199680    -249600    63.8229    -79.9739
249600    -249600    79.6738    -79.8478
299520    -249600    95.5248    -79.7749
349440    -249600    111.3226    -79.6488
399360    -249600    127.0672    -79.6293
-399360    -299520    -126.2625    -96.9656
-349440    -299520    -110.305    -96.999
-299520    -299520    -94.6137    -96.8199
-249600    -299520    -78.6563    -96.8
-199680    -299520    -62.7521    -96.6739
-149760    -299520    -47.0607    -96.6544
-99840    -299520    -31.3693    -96.5285
-49920    -299520    -15.4651    -96.4555
0    -299520    0.4391    -96.4357
49920    -299520    16.1304    -96.3098
99840    -299520    32.0879    -96.29
149760    -299520    47.9919    -96.1106
199680    -299520    63.8429    -96.0377
249600    -299520    79.6938    -95.8584
299520    -299520    95.5448    -95.8387
349440    -299520    111.2893    -95.7127
399360    -299520    127.0338    -95.5336
-399360    -349440    -126.1363    -112.8697
-349440    -349440    -110.2853    -112.85
-299520    -349440    -94.4343    -112.7771
-249600    -349440    -78.6896    -112.7575
-199680    -349440    -62.8386    -112.7378
-149760    -349440    -46.8813    -112.5584
-99840    -349440    -31.1898    -112.5389
-49920    -349440    -15.392    -112.466
0    -349440    0.3526    -112.3933
49920    -349440    16.3099    -112.267
99840    -349440    32.1608    -112.1941
149760    -349440    48.1182    -112.1211
199680    -349440    63.9692    -112.0482
249600    -349440    79.7137    -111.869
299520    -349440    95.5647    -111.7961
349440    -349440    111.3092    -111.6702
399360    -349440    127.0537    -111.5442
-399360    -399360    -126.0101    -128.7738
-349440    -399360    -110.1591    -128.7541
-299520    -399360    -94.3613    -128.6813
-249600    -399360    -78.5634    -128.7148
-199680    -399360    -62.6593    -128.5887
-149760    -399360    -46.8083    -128.4626
-99840    -399360    -31.1169    -128.4431
-49920    -399360    -15.3189    -128.4766
0    -399360    0.3191    -128.2976
49920    -399360    16.4361    -128.2243
99840    -399360    32.2871    -128.1514
149760    -399360    48.0316    -128.0255
199680    -399360    63.9357    -127.8993
249600    -399360    79.7335    -127.7733
299520    -399360    95.5845    -127.7536
349440    -399360    111.4354    -127.6275
399360    -399360    127.0735    -127.4484

