OLDCTFILE=170213 AM0000 v4.ct5

NEWCTFILE=170213 AM0000 v5.ct5


TOLERANCE=12


NEWCAL=3120


FITORDER=1

//LIMITS	   =  5	
//POLYLIMITS   =  5	
// RTC-X [bit] RTC-Y[bit] REAL-X[mm] REAL-Y[mm]
-327600    -327600    -105.1288    -104.8355
-327600    -312000    -105.1287    -99.7671
-327600    -296400    -105.1215    -94.806
-327600    -280800    -105.1013    -89.8093
-327600    -265200    -105.0976    -84.8116
-327600    -249600    -105.0977    -79.8182
-327600    -234000    -105.0638    -74.8185
-327600    -218400    -105.0315    -69.828
-327600    -202800    -105.0337    -64.8388
-327600    -187200    -105.0637    -59.8314
-327600    -171600    -105.0568    -54.8716
-327600    -156000    -105.0967    -49.8395
-327600    -140400    -105.0582    -44.8385
-327600    -124800    -105.0295    -39.8394
-327600    -109200    -105.0363    -34.8395
-327600    -93600    -105.0184    -29.8938
-327600    -78000    -104.9986    -24.894
-327600    -62400    -104.9623    -19.8551
-327600    -46800    -104.9971    -14.8945
-327600    -31200    -104.9958    -9.9409
-327600    -15600    -104.9961    -4.936
-327600    0    -104.9734    0.0898
-327600    15600    -104.9533    5.1294
-327600    31200    -104.9573    10.1035
-327600    46800    -104.9712    15.0767
-327600    62400    -104.9855    20.0447
-327600    78000    -104.9246    25.025
-327600    93600    -104.895    30.0682
-327600    109200    -104.869    35.1032
-327600    124800    -104.8903    40.0704
-327600    140400    -104.8985    45.028
-327600    156000    -104.9033    49.9784
-327600    171600    -104.9096    55.0068
-327600    187200    -104.9    59.9954
-327600    202800    -104.9142    65.0172
-327600    218400    -104.8915    70.0562
-327600    234000    -104.8845    75.0412
-327600    249600    -104.8776    80.0346
-327600    265200    -104.8354    84.9927
-327600    280800    -104.8495    89.9601
-327600    296400    -104.8203    94.9693
-327600    312000    -104.8704    99.9817
-327600    327600    -104.8882    105.0147
-312000    -327600    -100.135    -104.842
-312000    -312000    -100.0902    -99.8498
-312000    -296400    -100.1449    -94.8397
-312000    -280800    -100.1069    -89.8602
-312000    -265200    -100.0792    -84.8315
-312000    -249600    -100.0582    -79.8328
-312000    -234000    -100.039    -74.8364
-312000    -218400    -100.0211    -69.8424
-312000    -202800    -100.0317    -64.8695
-312000    -187200    -100.0332    -59.8917
-312000    -171600    -100.0645    -54.9283
-312000    -156000    -100.0672    -49.8504
-312000    -140400    -100.0473    -44.8387
-312000    -124800    -100.0369    -39.8179
-312000    -109200    -100.0129    -34.8663
-312000    -93600    -99.9768    -29.9081
-312000    -78000    -99.9955    -24.9095
-312000    -62400    -99.9601    -19.9029
-312000    -46800    -99.9703    -14.9257
-312000    -31200    -99.9849    -9.8982
-312000    -15600    -99.9811    -4.9555
-312000    0    -100.0164    0.0711
-312000    15600    -99.978    5.1088
-312000    31200    -99.9175    10.1033
-312000    46800    -99.9525    15.0562
-312000    62400    -99.9137    20.117
-312000    78000    -99.8381    25.1101
-312000    93600    -99.8772    30.0895
-312000    109200    -99.8575    35.0639
-312000    124800    -99.8834    40.0109
-312000    140400    -99.828    44.9701
-312000    156000    -99.8838    49.9925
-312000    171600    -99.8979    54.9738
-312000    187200    -99.8793    60.0361
-312000    202800    -99.8606    65.0571
-312000    218400    -99.8424    70.0487
-312000    234000    -99.8973    75.0026
-312000    249600    -99.8204    79.975
-312000    265200    -99.8377    84.9582
-312000    280800    -99.8556    89.9758
-312000    296400    -99.8194    95.0168
-312000    312000    -99.8071    100.0463
-312000    327600    -99.8419    104.9956
-296400    -327600    -95.158    -104.8071
-296400    -312000    -95.1038    -99.8214
-296400    -296400    -95.1147    -94.8098
-296400    -280800    -95.1222    -89.8438
-296400    -265200    -95.1221    -84.8287
-296400    -249600    -95.1319    -79.8585
-296400    -234000    -95.1058    -74.8601
-296400    -218400    -95.0813    -69.8526
-296400    -202800    -95.0811    -64.8969
-296400    -187200    -95.114    -59.9189
-296400    -171600    -95.1091    -54.9122
-296400    -156000    -95.1064    -49.8757
-296400    -140400    -95.0917    -44.8823
-296400    -124800    -95.0541    -39.8483
-296400    -109200    -95.0464    -34.8859
-296400    -93600    -95.0267    -29.8967
-296400    -78000    -95.0543    -24.8916
-296400    -62400    -95.0684    -19.9104
-296400    -46800    -95.0383    -14.8727
-296400    -31200    -95.0629    -9.9288
-296400    -15600    -95.0551    -4.9154
-296400    0    -95.0819    0.0565
-296400    15600    -95.0046    5.0848
-296400    31200    -94.9348    10.0667
-296400    46800    -94.9843    15.0836
-296400    62400    -94.9699    20.1748
-296400    78000    -95.0039    25.0656
-296400    93600    -94.9837    30.0785
-296400    109200    -94.9669    35.0325
-296400    124800    -94.9116    39.9616
-296400    140400    -94.9785    45.0138
-296400    156000    -94.9964    50.0156
-296400    171600    -94.988    55.0103
-296400    187200    -94.9831    60.0459
-296400    202800    -94.965    65.0044
-296400    218400    -94.9547    70.0292
-296400    234000    -94.9621    75
-296400    249600    -94.9437    79.9916
-296400    265200    -94.947    84.9783
-296400    280800    -94.913    89.9717
-296400    296400    -94.92    95.0134
-296400    312000    -94.9127    100.0231
-296400    327600    -94.9834    104.981
-280800    -327600    -90.1689    -104.7768
-280800    -312000    -90.2084    -99.8614
-280800    -296400    -90.2047    -94.8026
-280800    -280800    -90.1324    -89.8395
-280800    -265200    -90.1697    -84.8703
-280800    -249600    -90.1892    -79.8583
-280800    -234000    -90.1922    -74.8166
-280800    -218400    -90.1714    -69.8437
-280800    -202800    -90.1715    -64.8796
-280800    -187200    -90.2214    -59.8983
-280800    -171600    -90.1796    -54.8919
-280800    -156000    -90.1327    -49.8943
-280800    -140400    -90.1082    -44.8992
-280800    -124800    -90.0944    -39.9018
-280800    -109200    -90.0524    -34.8722
-280800    -93600    -90.1215    -29.8818
-280800    -78000    -90.0994    -24.8746
-280800    -62400    -90.1471    -19.8932
-280800    -46800    -90.1381    -14.9036
-280800    -31200    -90.1157    -9.9187
-280800    -15600    -90.1316    -4.92
-280800    0    -90.0921    0.0668
-280800    15600    -89.9983    5.0233
-280800    31200    -90.0503    10.1023
-280800    46800    -89.9897    15.1051
-280800    62400    -90.0707    20.1388
-280800    78000    -90.06    25.091
-280800    93600    -90.0461    30.0416
-280800    109200    -90.0328    35.0353
-280800    124800    -90.0527    40.0399
-280800    140400    -90.0528    45.0266
-280800    156000    -90.0919    49.9903
-280800    171600    -90.0196    55.0423
-280800    187200    -90.0483    60.0304
-280800    202800    -90.0349    65.004
-280800    218400    -90.0564    70.0219
-280800    234000    -90.0326    74.9963
-280800    249600    -90.0712    80.0489
-280800    265200    -90.0038    84.9905
-280800    280800    -89.9986    90.0014
-280800    296400    -89.9917    95.0685
-280800    312000    -90.0475    100.0065
-280800    327600    -90.0211    104.9967
-265200    -327600    -85.1157    -104.7725
-265200    -312000    -85.1599    -99.843
-265200    -296400    -85.1005    -94.8431
-265200    -280800    -85.1159    -89.8709
-265200    -265200    -85.119    -84.8914
-265200    -249600    -85.1476    -79.8621
-265200    -234000    -85.0818    -74.865
-265200    -218400    -85.0949    -69.8609
-265200    -202800    -85.1263    -64.8729
-265200    -187200    -85.0913    -59.9111
-265200    -171600    -85.0967    -54.9031
-265200    -156000    -85.0672    -49.9151
-265200    -140400    -85.0817    -44.9333
-265200    -124800    -85.0722    -39.8866
-265200    -109200    -85.0518    -34.8822
-265200    -93600    -85.0113    -29.8932
-265200    -78000    -85.0243    -24.8629
-265200    -62400    -85.0256    -19.8898
-265200    -46800    -84.979    -14.8722
-265200    -31200    -85.0749    -9.903
-265200    -15600    -85.0161    -4.9242
-265200    0    -85.061    0.108
-265200    15600    -84.9932    5.0818
-265200    31200    -84.9656    10.0861
-265200    46800    -84.9725    15.0744
-265200    62400    -84.9521    20.1086
-265200    78000    -85.0076    25.1069
-265200    93600    -84.9917    30.0713
-265200    109200    -85.0009    35.0518
-265200    124800    -84.9924    40.025
-265200    140400    -84.9714    45.0564
-265200    156000    -84.954    50.0799
-265200    171600    -84.965    55.0177
-265200    187200    -84.9506    60.0125
-265200    202800    -84.9287    64.9985
-265200    218400    -84.9298    69.9967
-265200    234000    -84.9532    75.0175
-265200    249600    -84.9151    80.0307
-265200    265200    -84.9464    85.0722
-265200    280800    -84.9196    90.0219
-265200    296400    -84.9138    95.0193
-265200    312000    -84.9382    99.9519
-265200    327600    -84.9345    104.9608
-249600    -327600    -80.0143    -104.8735
-249600    -312000    -80.1249    -99.8898
-249600    -296400    -80.0932    -94.8669
-249600    -280800    -80.0841    -89.8275
-249600    -265200    -80.0901    -84.8873
-249600    -249600    -80.0497    -79.9215
-249600    -234000    -80.0836    -74.8809
-249600    -218400    -80.0899    -69.8491
-249600    -202800    -80.0601    -64.8773
-249600    -187200    -80.0441    -59.9063
-249600    -171600    -80.1251    -54.9114
-249600    -156000    -80.0463    -49.9131
-249600    -140400    -80.0554    -44.9099
-249600    -124800    -80.0593    -39.9172
-249600    -109200    -80.0115    -34.904
-249600    -93600    -80.0117    -29.7874
-249600    -78000    -79.99    -24.9487
-249600    -62400    -79.9916    -19.9814
-249600    -46800    -79.979    -14.9837
-249600    -31200    -79.9739    -9.9222
-249600    -15600    -80.0104    -4.9329
-249600    0    -79.9313    0.0944
-249600    15600    -79.9222    5.0743
-249600    31200    -79.9272    10.0493
-249600    46800    -79.9157    15.0732
-249600    62400    -79.8898    20.0977
-249600    78000    -79.9446    25.0551
-249600    93600    -79.919    30.0973
-249600    109200    -79.9262    35.0556
-249600    124800    -79.9122    40.0066
-249600    140400    -79.927    45.0508
-249600    156000    -79.8915    50.0779
-249600    171600    -79.8872    55.0688
-249600    187200    -79.8757    60.0194
-249600    202800    -79.8752    65.0057
-249600    218400    -79.8533    70.0221
-249600    234000    -79.8565    75.0207
-249600    249600    -79.8394    80.0675
-249600    265200    -79.8648    85.0541
-249600    280800    -79.8521    90.0509
-249600    296400    -79.8553    94.9824
-249600    312000    -79.8306    99.9616
-249600    327600    -79.8562    104.9335
-234000    -327600    -75.1647    -104.8525
-234000    -312000    -75.1307    -99.8985
-234000    -296400    -75.1193    -94.8856
-234000    -280800    -75.1589    -89.8871
-234000    -265200    -75.1171    -84.8963
-234000    -249600    -75.1162    -79.8566
-234000    -234000    -75.0969    -74.9386
-234000    -218400    -75.0744    -69.865
-234000    -202800    -75.0942    -64.8904
-234000    -187200    -75.0932    -59.9174
-234000    -171600    -75.0891    -54.952
-234000    -156000    -75.0615    -49.9124
-234000    -140400    -75.0577    -44.8917
-234000    -124800    -75.0759    -39.8781
-234000    -109200    -75.0998    -34.9303
-234000    -93600    -75.0348    -29.9316
-234000    -78000    -75.039    -24.9819
-234000    -62400    -74.9913    -19.9835
-234000    -46800    -75.0159    -14.9852
-234000    -31200    -75.0376    -9.9812
-234000    -15600    -75.0125    -4.9498
-234000    0    -75.0402    0.0485
-234000    15600    -75.0934    5.0604
-234000    31200    -74.9964    10.0871
-234000    46800    -74.9797    15.0609
-234000    62400    -74.9307    20.1158
-234000    78000    -74.9427    25.1132
-234000    93600    -74.9561    30.0808
-234000    109200    -74.9713    35.0699
-234000    124800    -74.9742    39.9799
-234000    140400    -74.9456    45.041
-234000    156000    -74.959    50.0571
-234000    171600    -74.9842    55.0693
-234000    187200    -74.9612    60.0448
-234000    202800    -74.9713    65.0382
-234000    218400    -74.9363    70.0411
-234000    234000    -74.9103    75.0409
-234000    249600    -74.9179    80.0369
-234000    265200    -74.9286    85.046
-234000    280800    -74.9203    90.0271
-234000    296400    -74.9293    94.9935
-234000    312000    -74.9485    99.9429
-234000    327600    -74.9227    105.0152
-218400    -327600    -70.1904    -104.8368
-218400    -312000    -70.1987    -99.8627
-218400    -296400    -70.1613    -94.8785
-218400    -280800    -70.17    -89.8934
-218400    -265200    -70.1529    -84.8905
-218400    -249600    -70.1844    -79.9202
-218400    -234000    -70.1398    -74.9075
-218400    -218400    -70.1163    -69.9149
-218400    -202800    -70.1205    -64.8895
-218400    -187200    -70.1448    -59.8996
-218400    -171600    -70.1559    -54.8878
-218400    -156000    -70.151    -49.9019
-218400    -140400    -70.081    -44.8976
-218400    -124800    -70.0611    -39.9029
-218400    -109200    -70.0098    -34.9019
-218400    -93600    -70.1225    -29.9642
-218400    -78000    -70.0687    -25.0331
-218400    -62400    -70.0958    -20.0263
-218400    -46800    -70.0707    -15.0108
-218400    -31200    -70.0568    -10.0323
-218400    -15600    -70.0926    -4.986
-218400    0    -70.1197    0.0396
-218400    15600    -70.1286    5.0247
-218400    31200    -70.1988    10.0144
-218400    46800    -70.036    15.0293
-218400    62400    -70.0127    20.0536
-218400    78000    -70.0022    25.1151
-218400    93600    -70.0566    30.0848
-218400    109200    -70.0568    35.085
-218400    124800    -70.0207    40.1284
-218400    140400    -70.0404    45.0249
-218400    156000    -70.0605    50.0109
-218400    171600    -70.0391    55.0616
-218400    187200    -70.081    60.0789
-218400    202800    -70.06    65.0595
-218400    218400    -69.9939    70.0283
-218400    234000    -70.027    75.0159
-218400    249600    -70.1115    80.0244
-218400    265200    -69.999    85.0225
-218400    280800    -69.9871    90.0094
-218400    296400    -69.9908    95.0065
-218400    312000    -70.0469    100.0491
-218400    327600    -70.021    105.0486
-202800    -327600    -65.1252    -104.8781
-202800    -312000    -65.1186    -99.8739
-202800    -296400    -65.1033    -94.8869
-202800    -280800    -65.0886    -89.8957
-202800    -265200    -65.1065    -84.9226
-202800    -249600    -65.1244    -79.9371
-202800    -234000    -65.1062    -74.9416
-202800    -218400    -65.083    -69.9027
-202800    -202800    -65.069    -64.8765
-202800    -187200    -65.0846    -59.9099
-202800    -171600    -65.0636    -54.9142
-202800    -156000    -65.0435    -49.9176
-202800    -140400    -65.0245    -44.9194
-202800    -124800    -64.9943    -39.9186
-202800    -109200    -65.0232    -34.9494
-202800    -93600    -65.0327    -29.9936
-202800    -78000    -65.0399    -25.0153
-202800    -62400    -65.052    -19.9474
-202800    -46800    -65.0558    -15.0305
-202800    -31200    -65.0519    -9.9996
-202800    -15600    -65.0219    -4.9702
-202800    0    -65.0469    0.0824
-202800    15600    -65.0428    5.0468
-202800    31200    -65.0783    10.0218
-202800    46800    -65.0197    15.0071
-202800    62400    -64.9063    20.0529
-202800    78000    -64.977    25.0799
-202800    93600    -65.0379    30.1051
-202800    109200    -65.0017    35.0621
-202800    124800    -64.9502    40.0967
-202800    140400    -64.9871    45.0318
-202800    156000    -65.0363    50.0541
-202800    171600    -64.9528    55.0303
-202800    187200    -64.9718    60.0171
-202800    202800    -64.9935    65.0466
-202800    218400    -64.9715    70.0378
-202800    234000    -64.9913    75.054
-202800    249600    -64.9902    79.9887
-202800    265200    -64.9466    85.0063
-202800    280800    -64.8917    90.0038
-202800    296400    -64.9561    94.9937
-202800    312000    -64.9539    99.969
-202800    327600    -64.9572    104.9791
-187200    -327600    -60.0889    -104.9115
-187200    -312000    -60.0483    -99.9029
-187200    -296400    -60.0296    -94.8589
-187200    -280800    -60.0172    -89.8818
-187200    -265200    -60.0503    -84.9096
-187200    -249600    -60.036    -79.9577
-187200    -234000    -60.0717    -74.8948
-187200    -218400    -60.0421    -69.9473
-187200    -202800    -60.0347    -64.9187
-187200    -187200    -60.0429    -59.8993
-187200    -171600    -60.0427    -54.9528
-187200    -156000    -60.0121    -49.9447
-187200    -140400    -60.0275    -44.9077
-187200    -124800    -59.9822    -39.9047
-187200    -109200    -59.9824    -34.9646
-187200    -93600    -59.9943    -29.9607
-187200    -78000    -60.0408    -24.9714
-187200    -62400    -60.0424    -19.909
-187200    -46800    -60.0165    -14.9549
-187200    -31200    -59.9857    -9.9873
-187200    -15600    -60.0099    -4.9859
-187200    0    -59.9889    0.1037
-187200    15600    -60.0101    5.0401
-187200    31200    -60.0238    10.0229
-187200    46800    -59.9446    15.0101
-187200    62400    -59.9514    20.0547
-187200    78000    -59.9661    25.0219
-187200    93600    -59.9971    30.0337
-187200    109200    -59.9835    35.0466
-187200    124800    -59.9684    40.0183
-187200    140400    -59.9252    45.0976
-187200    156000    -59.9383    49.9941
-187200    171600    -59.9039    55.0649
-187200    187200    -59.9253    60.0173
-187200    202800    -59.9501    64.9941
-187200    218400    -59.9887    69.9966
-187200    234000    -59.9327    74.995
-187200    249600    -59.8884    79.9796
-187200    265200    -59.8645    85.0073
-187200    280800    -59.8253    90.0117
-187200    296400    -59.8325    94.9867
-187200    312000    -59.863    99.9546
-187200    327600    -59.9031    104.9855
-171600    -327600    -55.1181    -104.9048
-171600    -312000    -55.1507    -99.8952
-171600    -296400    -55.0874    -94.8883
-171600    -280800    -55.1025    -89.8848
-171600    -265200    -54.9939    -84.9075
-171600    -249600    -55.0888    -79.9365
-171600    -234000    -55.0697    -74.9067
-171600    -218400    -55.1267    -69.9063
-171600    -202800    -55.0699    -64.9064
-171600    -187200    -55.0898    -59.8667
-171600    -171600    -55.0613    -54.913
-171600    -156000    -55.051    -49.9177
-171600    -140400    -55.0313    -44.9151
-171600    -124800    -55.0147    -39.8837
-171600    -109200    -55.0298    -34.9267
-171600    -93600    -55.049    -29.9397
-171600    -78000    -55.0726    -24.9425
-171600    -62400    -55.0487    -19.9017
-171600    -46800    -55.0719    -14.9619
-171600    -31200    -55.0189    -9.9523
-171600    -15600    -55.0025    -4.9379
-171600    0    -55.0219    0.0731
-171600    15600    -55.035    5.0583
-171600    31200    -55.0218    9.9667
-171600    46800    -54.9923    15.0409
-171600    62400    -54.9688    20.0758
-171600    78000    -54.9987    25.0445
-171600    93600    -55.012    30.054
-171600    109200    -54.9934    35.0599
-171600    124800    -54.972    40.0571
-171600    140400    -55.0124    44.9782
-171600    156000    -54.9824    49.9768
-171600    171600    -54.954    55.0155
-171600    187200    -54.926    59.979
-171600    202800    -54.9747    64.986
-171600    218400    -54.9967    69.9654
-171600    234000    -54.9637    74.9988
-171600    249600    -54.9279    79.9761
-171600    265200    -54.938    85.0148
-171600    280800    -54.911    89.9989
-171600    296400    -54.9336    94.9648
-171600    312000    -54.9435    99.9347
-171600    327600    -54.9859    104.9555
-156000    -327600    -50.1783    -104.9682
-156000    -312000    -50.1799    -99.899
-156000    -296400    -50.1212    -94.9062
-156000    -280800    -50.081    -89.873
-156000    -265200    -50.1328    -84.9116
-156000    -249600    -50.1693    -79.9313
-156000    -234000    -50.1615    -74.931
-156000    -218400    -50.1206    -69.914
-156000    -202800    -50.1042    -64.8406
-156000    -187200    -50.1375    -59.8446
-156000    -171600    -50.0975    -54.8967
-156000    -156000    -50.098    -49.9073
-156000    -140400    -50.0823    -44.9441
-156000    -124800    -50.0527    -39.9336
-156000    -109200    -50.1068    -34.8968
-156000    -93600    -50.0955    -29.9076
-156000    -78000    -50.0954    -24.9144
-156000    -62400    -50.118    -19.9969
-156000    -46800    -50.0944    -15.0251
-156000    -31200    -50.035    -9.943
-156000    -15600    -50.0604    -4.9813
-156000    0    -50.1    0.1213
-156000    15600    -50.1297    5.0677
-156000    31200    -50.0385    10.0778
-156000    46800    -50.0912    15.0833
-156000    62400    -50.0119    20.0509
-156000    78000    -50.0373    25.0482
-156000    93600    -50.0552    30.0569
-156000    109200    -50.0379    35.0899
-156000    124800    -50.0284    40.1036
-156000    140400    -50.0454    45.0493
-156000    156000    -50.0842    50.0109
-156000    171600    -50.0574    54.9864
-156000    187200    -50.0266    59.9505
-156000    202800    -50.0456    64.951
-156000    218400    -50.0556    70.0141
-156000    234000    -50.0211    74.9891
-156000    249600    -50.0029    80.0259
-156000    265200    -49.9764    84.9926
-156000    280800    -50.0437    90.0133
-156000    296400    -50.0438    94.988
-156000    312000    -50.0348    99.9598
-156000    327600    -50.047    104.9662
-140400    -327600    -45.1177    -104.918
-140400    -312000    -45.0561    -99.9321
-140400    -296400    -45.0814    -94.8953
-140400    -280800    -45.0949    -89.9377
-140400    -265200    -45.098    -84.9364
-140400    -249600    -45.1019    -79.9326
-140400    -234000    -45.1167    -74.9745
-140400    -218400    -45.0089    -69.9061
-140400    -202800    -45.0632    -64.9065
-140400    -187200    -45.0546    -59.908
-140400    -171600    -45.0061    -54.9272
-140400    -156000    -45.0541    -49.9579
-140400    -140400    -45.0345    -44.963
-140400    -124800    -45.0139    -39.9639
-140400    -109200    -45.0392    -34.9381
-140400    -93600    -45.0622    -29.9375
-140400    -78000    -45.0481    -24.9412
-140400    -62400    -45.0685    -20.0033
-140400    -46800    -44.9947    -15.0083
-140400    -31200    -44.9711    -9.9103
-140400    -15600    -44.9963    -4.9462
-140400    0    -45.005    0.03
-140400    15600    -45.0393    5.046
-140400    31200    -45.0443    10.1112
-140400    46800    -45.0513    15.0499
-140400    62400    -44.9589    20.0749
-140400    78000    -44.9985    25.0338
-140400    93600    -44.9797    30.0205
-140400    109200    -44.9699    35.0691
-140400    124800    -44.9984    40.0732
-140400    140400    -44.9519    45.0542
-140400    156000    -45.0041    50.0152
-140400    171600    -45.0134    54.985
-140400    187200    -44.9849    59.9607
-140400    202800    -45.0147    64.9411
-140400    218400    -44.9745    69.9577
-140400    234000    -44.9839    75.0398
-140400    249600    -44.9633    79.9824
-140400    265200    -44.9666    84.9989
-140400    280800    -44.9649    90.0219
-140400    296400    -44.9693    95.0242
-140400    312000    -44.9929    100.0328
-140400    327600    -44.9771    105.0241
-124800    -327600    -40.0836    -104.8719
-124800    -312000    -40.0423    -99.871
-124800    -296400    -40.0264    -94.9261
-124800    -280800    -40.0237    -89.9479
-124800    -265200    -40.0737    -84.9535
-124800    -249600    -40.1023    -79.9099
-124800    -234000    -40.1017    -74.9746
-124800    -218400    -40.0429    -69.9252
-124800    -202800    -39.982    -64.9454
-124800    -187200    -39.9765    -59.9549
-124800    -171600    -40.021    -54.981
-124800    -156000    -40.0135    -49.9837
-124800    -140400    -40.0142    -44.9168
-124800    -124800    -39.9765    -40.0003
-124800    -109200    -40.0293    -34.9805
-124800    -93600    -40.0185    -29.9515
-124800    -78000    -39.9958    -25.0021
-124800    -62400    -39.9864    -19.9994
-124800    -46800    -39.9671    -14.9905
-124800    -31200    -39.9243    -9.9655
-124800    -15600    -39.9679    -4.9703
-124800    0    -39.9427    0.0779
-124800    15600    -39.985    5.0513
-124800    31200    -39.9538    9.9649
-124800    46800    -39.9841    15.0417
-124800    62400    -39.9605    20.095
-124800    78000    -39.9786    25.0361
-124800    93600    -39.9576    30.0267
-124800    109200    -39.9401    35.0262
-124800    124800    -39.9061    40.0472
-124800    140400    -39.9528    45.0162
-124800    156000    -39.9273    50.0621
-124800    171600    -39.9556    55.0349
-124800    187200    -39.9545    59.9963
-124800    202800    -39.9497    65.0073
-124800    218400    -39.917    70.1065
-124800    234000    -39.9341    74.9574
-124800    249600    -39.9122    79.9671
-124800    265200    -39.8891    84.9938
-124800    280800    -39.8903    90.0446
-124800    296400    -39.905    95.0008
-124800    312000    -39.866    100.063
-124800    327600    -39.9495    105.0332
-109200    -327600    -35.095    -104.866
-109200    -312000    -35.0604    -99.9394
-109200    -296400    -35.0825    -94.9345
-109200    -280800    -35.0919    -89.9387
-109200    -265200    -35.0941    -84.9554
-109200    -249600    -35.1035    -79.9372
-109200    -234000    -35.046    -74.9408
-109200    -218400    -35.0554    -69.9284
-109200    -202800    -35.0411    -64.9475
-109200    -187200    -35.1508    -59.9905
-109200    -171600    -35.0348    -54.9952
-109200    -156000    -35.0491    -49.9947
-109200    -140400    -35.0644    -44.9623
-109200    -124800    -35.0166    -39.9532
-109200    -109200    -35.0446    -34.9701
-109200    -93600    -35.0472    -29.9748
-109200    -78000    -35.0441    -24.9742
-109200    -62400    -34.9822    -19.9801
-109200    -46800    -35.0068    -14.9879
-109200    -31200    -35.0143    -9.9773
-109200    -15600    -35.003    -4.9454
-109200    0    -35.0219    0.0653
-109200    15600    -35.0037    5.0479
-109200    31200    -34.9788    10.0681
-109200    46800    -35.0041    15.0396
-109200    62400    -35.0064    20.0151
-109200    78000    -35.0106    25.0424
-109200    93600    -34.9966    30.0396
-109200    109200    -35.0074    35.0303
-109200    124800    -34.9601    40.0543
-109200    140400    -34.9934    45.0221
-109200    156000    -34.9879    50.0144
-109200    171600    -35.0062    55.0252
-109200    187200    -34.9904    60.0425
-109200    202800    -34.9984    64.9982
-109200    218400    -34.9828    70.0731
-109200    234000    -34.9745    75.0265
-109200    249600    -34.9885    80.0337
-109200    265200    -34.9915    85.0359
-109200    280800    -34.9869    90.1006
-109200    296400    -34.978    95.0784
-109200    312000    -34.925    100.101
-109200    327600    -34.9841    105.0419
-93600    -327600    -30.1449    -104.9391
-93600    -312000    -30.119    -99.9731
-93600    -296400    -30.0949    -94.9408
-93600    -280800    -30.1369    -89.9115
-93600    -265200    -30.1264    -84.9131
-93600    -249600    -30.1497    -79.9617
-93600    -234000    -30.1046    -74.917
-93600    -218400    -30.0878    -69.9204
-93600    -202800    -30.0956    -64.9614
-93600    -187200    -30.1302    -59.9796
-93600    -171600    -30.1088    -54.9747
-93600    -156000    -30.088    -49.9781
-93600    -140400    -30.1162    -44.9827
-93600    -124800    -30.1071    -39.9185
-93600    -109200    -30.1203    -34.9448
-93600    -93600    -30.1085    -29.9575
-93600    -78000    -30.1127    -24.9968
-93600    -62400    -30.0781    -19.9077
-93600    -46800    -30.0668    -14.9659
-93600    -31200    -30.0581    -9.9247
-93600    -15600    -30.0613    -4.9643
-93600    0    -30.0654    0.098
-93600    15600    -30.0196    5.0405
-93600    31200    -29.9955    10.0529
-93600    46800    -30.0123    15.0306
-93600    62400    -30.0993    20.0736
-93600    78000    -30.0852    25.0479
-93600    93600    -30.0753    30.0017
-93600    109200    -30.0992    35.0512
-93600    124800    -30.0694    40.0572
-93600    140400    -30.0409    45.026
-93600    156000    -30.0567    50.0224
-93600    171600    -30.0855    55.0086
-93600    187200    -30.0989    60.0272
-93600    202800    -30.0851    65.0416
-93600    218400    -29.9824    70.065
-93600    234000    -30.0316    75.0449
-93600    249600    -30.07    80.1048
-93600    265200    -30.0217    85.0289
-93600    280800    -30.0983    90.0551
-93600    296400    -30.0679    95.0713
-93600    312000    -30.0299    100.092
-93600    327600    -30.0554    105.0197
-78000    -327600    -25.0531    -104.9619
-78000    -312000    -25.0655    -99.9646
-78000    -296400    -25.0493    -94.965
-78000    -280800    -25.0326    -89.9651
-78000    -265200    -25.0888    -84.9798
-78000    -249600    -25.0337    -79.9753
-78000    -234000    -25.0603    -74.9071
-78000    -218400    -25.065    -69.9442
-78000    -202800    -25.1366    -64.9734
-78000    -187200    -25.0631    -59.9407
-78000    -171600    -25.0651    -54.9676
-78000    -156000    -25.081    -49.9514
-78000    -140400    -25.0466    -44.9255
-78000    -124800    -25.0976    -39.9216
-78000    -109200    -25.0661    -34.9231
-78000    -93600    -24.9976    -29.9081
-78000    -78000    -25.0578    -24.9201
-78000    -62400    -25.0753    -19.9333
-78000    -46800    -25.0631    -14.941
-78000    -31200    -25.0291    -9.9417
-78000    -15600    -25.0139    -4.9868
-78000    0    -25.0133    0.0628
-78000    15600    -25.0266    4.9559
-78000    31200    -24.9546    9.9983
-78000    46800    -24.9784    15.0073
-78000    62400    -25.0688    19.9943
-78000    78000    -25.014    25.0156
-78000    93600    -25.0305    30.059
-78000    109200    -25.0261    35.0414
-78000    124800    -25.0541    39.9774
-78000    140400    -24.967    45.0146
-78000    156000    -24.9659    50.0312
-78000    171600    -24.992    54.9971
-78000    187200    -24.9797    59.9745
-78000    202800    -25.0177    64.9635
-78000    218400    -24.9894    70.0217
-78000    234000    -24.972    75.0485
-78000    249600    -24.9744    80.0482
-78000    265200    -25.012    85.0387
-78000    280800    -25.0055    89.9849
-78000    296400    -24.9983    95.0323
-78000    312000    -24.9699    100.0338
-78000    327600    -24.9992    104.9926
-62400    -327600    -20.0351    -104.9861
-62400    -312000    -20.0105    -99.9175
-62400    -296400    -20.0242    -94.9871
-62400    -280800    -20.0282    -89.992
-62400    -265200    -20.0287    -84.9966
-62400    -249600    -20.0329    -80.0001
-62400    -234000    -20.0398    -74.9562
-62400    -218400    -20.023    -69.9715
-62400    -202800    -20.0539    -64.9778
-62400    -187200    -20.0424    -59.9793
-62400    -171600    -20.0322    -54.9763
-62400    -156000    -20.0109    -50.0065
-62400    -140400    -20.0203    -44.936
-62400    -124800    -20.0513    -39.9431
-62400    -109200    -20.0194    -34.9045
-62400    -93600    -19.9944    -29.9415
-62400    -78000    -20.022    -24.9413
-62400    -62400    -20.0647    -19.9252
-62400    -46800    -20.0333    -14.9571
-62400    -31200    -19.9897    -9.9836
-62400    -15600    -19.9701    -5.0113
-62400    0    -19.9771    -0.0164
-62400    15600    -19.9336    4.9896
-62400    31200    -19.9415    10.0508
-62400    46800    -19.9617    15.027
-62400    62400    -19.985    19.9655
-62400    78000    -20.0019    24.9872
-62400    93600    -19.9927    30.0327
-62400    109200    -19.9633    35.0382
-62400    124800    -19.946    39.9834
-62400    140400    -19.9343    44.91
-62400    156000    -19.8708    50.0048
-62400    171600    -19.9123    55.0375
-62400    187200    -19.9455    59.9933
-62400    202800    -19.9576    64.9874
-62400    218400    -19.942    69.9733
-62400    234000    -19.9761    74.9651
-62400    249600    -19.9013    80.0087
-62400    265200    -19.9138    84.9951
-62400    280800    -19.8967    90.05
-62400    296400    -19.9156    94.9874
-62400    312000    -19.9035    99.9364
-62400    327600    -19.9259    105.005
-46800    -327600    -15.051    -104.9173
-46800    -312000    -15.0149    -100.0266
-46800    -296400    -15.022    -95.0066
-46800    -280800    -15.1283    -90.0007
-46800    -265200    -15.0615    -84.9815
-46800    -249600    -15.0614    -80.0208
-46800    -234000    -15.0833    -74.9374
-46800    -218400    -15.0752    -69.9214
-46800    -202800    -15.0822    -64.9402
-46800    -187200    -15.0797    -59.9183
-46800    -171600    -15.0609    -54.9445
-46800    -156000    -15.0646    -49.9457
-46800    -140400    -15.0559    -44.9594
-46800    -124800    -15.0715    -39.9885
-46800    -109200    -15.0546    -34.9674
-46800    -93600    -15.0385    -29.9771
-46800    -78000    -15.0634    -24.9866
-46800    -62400    -15.0794    -19.9957
-46800    -46800    -15.056    -14.9808
-46800    -31200    -15.0348    -9.9826
-46800    -15600    -15.0162    -4.9889
-46800    0    -15.0072    -0.0341
-46800    15600    -15.0173    5.007
-46800    31200    -14.9965    10.0036
-46800    46800    -15.0169    14.9613
-46800    62400    -15.0074    19.9944
-46800    78000    -14.9808    24.9909
-46800    93600    -14.9963    30.0109
-46800    109200    -14.9691    35.0286
-46800    124800    -14.9679    40.0167
-46800    140400    -14.9539    45.0746
-46800    156000    -14.9453    50.05
-46800    171600    -14.9793    55.0309
-46800    187200    -14.993    60.0123
-46800    202800    -15.0149    64.9992
-46800    218400    -14.9945    69.9611
-46800    234000    -14.9845    75.0321
-46800    249600    -14.9915    79.9943
-46800    265200    -14.9596    84.9744
-46800    280800    -14.9668    89.962
-46800    296400    -14.9666    95.0287
-46800    312000    -14.9791    100.0639
-46800    327600    -15.0016    105.0271
-31200    -327600    -10.1154    -104.9373
-31200    -312000    -10.0968    -99.987
-31200    -296400    -10.1335    -95.013
-31200    -280800    -10.0924    -89.9756
-31200    -265200    -10.0867    -84.9598
-31200    -249600    -10.0957    -79.9963
-31200    -234000    -10.0602    -74.9204
-31200    -218400    -10.0795    -69.883
-31200    -202800    -10.0869    -64.9157
-31200    -187200    -10.0949    -59.8424
-31200    -171600    -10.0283    -54.9466
-31200    -156000    -10.0907    -49.99
-31200    -140400    -10.0585    -44.9843
-31200    -124800    -10.1018    -39.9554
-31200    -109200    -10.0798    -34.9848
-31200    -93600    -10.0618    -29.9899
-31200    -78000    -10.0795    -24.9915
-31200    -62400    -10.1167    -19.9595
-31200    -46800    -10.0788    -14.9964
-31200    -31200    -10.0634    -10.0015
-31200    -15600    -10.1229    -4.9603
-31200    0    -10.1466    0.0408
-31200    15600    -10.0878    5.0482
-31200    31200    -10.0822    10.0145
-31200    46800    -10.0476    15.0593
-31200    62400    -10.0478    20.0117
-31200    78000    -10.0393    24.9981
-31200    93600    -10.0135    29.9896
-31200    109200    -10.0367    34.9644
-31200    124800    -10.0426    40.0382
-31200    140400    -9.9871    45.048
-31200    156000    -10.0217    50.0146
-31200    171600    -10.0095    55.074
-31200    187200    -10.0537    60.0394
-31200    202800    -10.0451    65.0107
-31200    218400    -10.0467    69.9801
-31200    234000    -10.0468    75.003
-31200    249600    -10.0951    79.9915
-31200    265200    -10.0231    84.9425
-31200    280800    -10.0104    89.9672
-31200    296400    -10.0412    95.0664
-31200    312000    -10.0905    100.1263
-31200    327600    -10.0965    105.0759
-15600    -327600    -5.0665    -104.9162
-15600    -312000    -5.0735    -99.9427
-15600    -296400    -5.0675    -94.9187
-15600    -280800    -5.0798    -89.9448
-15600    -265200    -5.0567    -84.9743
-15600    -249600    -5.0404    -79.9711
-15600    -234000    -5.0594    -74.9703
-15600    -218400    -5.0357    -69.9347
-15600    -202800    -5.0612    -64.9453
-15600    -187200    -5.042    -59.902
-15600    -171600    -5.0895    -54.9674
-15600    -156000    -5.0383    -49.9525
-15600    -140400    -5.0265    -44.9553
-15600    -124800    -5.0431    -39.9381
-15600    -109200    -5.047    -34.972
-15600    -93600    -4.9708    -29.9936
-15600    -78000    -4.9205    -24.9931
-15600    -62400    -5.0445    -19.9751
-15600    -46800    -5.0234    -15.0124
-15600    -31200    -5.0439    -10.0241
-15600    -15600    -4.9955    -4.9925
-15600    0    -5.0189    0.0497
-15600    15600    -5.025    5.009
-15600    31200    -5.0044    10.0032
-15600    46800    -5.0332    14.996
-15600    62400    -5.0086    20.0518
-15600    78000    -5.0088    24.9931
-15600    93600    -4.9946    29.9863
-15600    109200    -4.9747    35.0648
-15600    124800    -5.0039    40.0701
-15600    140400    -5.0035    45.1148
-15600    156000    -5.0062    50.0431
-15600    171600    -5.0174    55.0298
-15600    187200    -4.9994    60.008
-15600    202800    -5.0062    64.9893
-15600    218400    -4.9643    70.0339
-15600    234000    -4.9842    75.0253
-15600    249600    -4.9828    80.0129
-15600    265200    -4.9723    84.9931
-15600    280800    -4.9629    89.9975
-15600    296400    -4.9913    95.0385
-15600    312000    -5.0093    100.0712
-15600    327600    -5.0624    105.0638
0    -327600    -0.0488    -104.9834
0    -312000    -0.0798    -99.938
0    -296400    -0.041    -94.9038
0    -280800    -0.0641    -89.9491
0    -265200    -0.0614    -84.953
0    -249600    -0.0122    -79.9726
0    -234000    -0.0414    -74.9998
0    -218400    0.013    -69.9708
0    -202800    -0.0374    -64.9823
0    -187200    -0.0133    -59.9719
0    -171600    -0.033    -54.9875
0    -156000    -0.0248    -49.9742
0    -140400    -0.0495    -44.9375
0    -124800    -0.0194    -39.8952
0    -109200    -0.0117    -34.9406
0    -93600    0.0364    -30.014
0    -78000    0.012    -25.0006
0    -62400    -0.0349    -20.0426
0    -46800    -0.0764    -14.9692
0    -31200    -0.0177    -10.0624
0    -15600    -0.0125    -4.9715
0    0    0    0
0    15600    0.0036    4.9751
0    31200    0.0459    9.9932
0    46800    -0.0177    15.016
0    62400    0.0178    20.0354
0    78000    0.0187    25.0175
0    93600    0.0671    30.0129
0    109200    0.0323    35.0429
0    124800    -0.0162    40.0232
0    140400    0.0172    45.0469
0    156000    0.0307    49.9339
0    171600    0.0175    54.9872
0    187200    0.0285    59.9431
0    202800    0.052    64.9507
0    218400    0.0526    69.9855
0    234000    0.0826    75.0389
0    249600    0.0591    79.9703
0    265200    0.0709    85.0368
0    280800    0.0915    90.0394
0    296400    0.0721    95.0694
0    312000    0.0109    100.0607
0    327600    0.017    105.0575
15600    -327600    4.8543    -104.9583
15600    -312000    4.9084    -99.9537
15600    -296400    4.9392    -94.8935
15600    -280800    4.914    -89.9266
15600    -265200    4.9335    -84.9735
15600    -249600    4.9519    -80.0501
15600    -234000    4.8856    -74.9689
15600    -218400    4.9114    -69.946
15600    -202800    4.9078    -64.8979
15600    -187200    4.933    -59.9473
15600    -171600    4.9379    -54.9756
15600    -156000    4.8823    -49.9988
15600    -140400    4.9307    -44.9579
15600    -124800    4.9515    -39.9613
15600    -109200    4.9599    -34.9182
15600    -93600    4.9725    -30.0577
15600    -78000    4.9731    -25.024
15600    -62400    5.0321    -20.0097
15600    -46800    5.0037    -15.0228
15600    -31200    4.9855    -10.0262
15600    -15600    4.9628    -4.9803
15600    0    4.9739    -0.0058
15600    15600    4.971    4.9983
15600    31200    4.9913    10.0062
15600    46800    5.0089    15.0349
15600    62400    4.9907    20.0419
15600    78000    5.0104    25.0373
15600    93600    5.0351    30.0287
15600    109200    4.9605    35.0265
15600    124800    5.0022    40.055
15600    140400    4.9725    44.992
15600    156000    4.9777    49.9765
15600    171600    4.968    54.9725
15600    187200    4.9894    59.9269
15600    202800    4.9824    64.9678
15600    218400    4.9965    69.9905
15600    234000    5.0035    75.0027
15600    249600    4.9865    80.0441
15600    265200    4.9767    85.0687
15600    280800    4.982    90.1156
15600    296400    5.0056    95.0481
15600    312000    5.058    100.0855
15600    327600    5.0341    105.0659
31200    -327600    9.8628    -105.0159
31200    -312000    9.8896    -99.9851
31200    -296400    9.8696    -94.9663
31200    -280800    9.8663    -89.9436
31200    -265200    9.8608    -84.9439
31200    -249600    9.8879    -80.0217
31200    -234000    9.8607    -74.9516
31200    -218400    9.8399    -69.9169
31200    -202800    9.8793    -64.9196
31200    -187200    9.8413    -59.9364
31200    -171600    9.8697    -54.9702
31200    -156000    9.8792    -49.9736
31200    -140400    9.8867    -44.9478
31200    -124800    9.8876    -40.0063
31200    -109200    9.898    -34.9801
31200    -93600    9.8931    -30.0269
31200    -78000    9.9758    -25.0316
31200    -62400    9.9437    -19.9916
31200    -46800    9.9547    -15.0323
31200    -31200    9.9284    -9.9855
31200    -15600    9.9264    -5.0173
31200    0    9.9181    0.0316
31200    15600    10.0084    5.0046
31200    31200    9.9394    10.0206
31200    46800    9.9095    14.9999
31200    62400    9.9165    20.0633
31200    78000    9.9574    25.0934
31200    93600    9.9719    30.0276
31200    109200    9.9823    35.0574
31200    124800    9.9599    40.0372
31200    140400    9.9406    44.9937
31200    156000    9.91    49.9929
31200    171600    9.88    55.0307
31200    187200    9.911    60.0659
31200    202800    9.9197    65.0134
31200    218400    9.9117    69.9583
31200    234000    9.9364    75.0307
31200    249600    9.9152    80.0758
31200    265200    9.9006    85.0816
31200    280800    9.8722    90.1038
31200    296400    9.9484    95.1053
31200    312000    9.9939    100.1177
31200    327600    9.9688    105.0526
46800    -327600    14.889    -105.0048
46800    -312000    14.8737    -99.9984
46800    -296400    14.9645    -95.0029
46800    -280800    14.912    -89.9812
46800    -265200    14.8897    -84.9704
46800    -249600    14.9163    -79.962
46800    -234000    14.9678    -74.9819
46800    -218400    14.9073    -69.9401
46800    -202800    14.9552    -64.9327
46800    -187200    14.9182    -59.9894
46800    -171600    14.8824    -54.9711
46800    -156000    14.9355    -49.9238
46800    -140400    14.8884    -44.972
46800    -124800    14.9293    -39.9665
46800    -109200    14.9638    -34.9815
46800    -93600    14.9871    -29.9918
46800    -78000    15.0087    -25.0011
46800    -62400    14.985    -19.9889
46800    -46800    15.0449    -14.9371
46800    -31200    15.0336    -9.9675
46800    -15600    14.995    -4.9859
46800    0    14.9516    -0.058
46800    15600    14.9368    4.9683
46800    31200    14.9845    10.0068
46800    46800    15.0046    15.002
46800    62400    15.0248    20.0454
46800    78000    14.9968    25.0383
46800    93600    14.9725    30.03
46800    109200    14.9771    35.0458
46800    124800    15.0088    39.988
46800    140400    14.9618    44.9199
46800    156000    14.9384    50.0231
46800    171600    14.9653    55.0448
46800    187200    14.9893    60.0909
46800    202800    15.0084    65.0313
46800    218400    14.9916    69.9858
46800    234000    15.0123    75.0286
46800    249600    15.0075    80.0425
46800    265200    14.9739    85.0508
46800    280800    14.9661    90.0625
46800    296400    15.0017    95.103
46800    312000    15.0426    100.1055
46800    327600    15.0501    105.0976
62400    -327600    19.9387    -105.0601
62400    -312000    19.9287    -100.0974
62400    -296400    19.9561    -94.9905
62400    -280800    19.9624    -89.9559
62400    -265200    19.9414    -84.9856
62400    -249600    19.9434    -79.9537
62400    -234000    19.9446    -75.0154
62400    -218400    19.9811    -69.9666
62400    -202800    19.9341    -64.9723
62400    -187200    19.9611    -59.967
62400    -171600    19.975    -54.9373
62400    -156000    19.9673    -50.0394
62400    -140400    19.9605    -44.9732
62400    -124800    19.957    -39.9415
62400    -109200    19.9374    -34.9117
62400    -93600    20.0272    -29.9441
62400    -78000    19.9927    -24.9544
62400    -62400    19.9908    -19.9839
62400    -46800    20.0017    -14.9684
62400    -31200    20.0028    -9.9594
62400    -15600    19.9803    -5.0055
62400    0    19.9958    -0.0209
62400    15600    19.9672    4.9746
62400    31200    19.9994    9.9989
62400    46800    19.9988    15.0183
62400    62400    20.0473    20.0201
62400    78000    20.0488    25.0426
62400    93600    20.027    30.0214
62400    109200    20.0333    35.0222
62400    124800    19.9461    39.9536
62400    140400    20.0286    44.9749
62400    156000    20.0013    50.0165
62400    171600    20.0216    55.0627
62400    187200    20.0404    60.0783
62400    202800    20.0621    65.0506
62400    218400    20.148    70.0401
62400    234000    20.0632    75.0588
62400    249600    20.0379    80.0754
62400    265200    20.0251    85.0649
62400    280800    20.0484    90.0585
62400    296400    20.0265    95.1091
62400    312000    20.0498    100.0191
62400    327600    20.0614    105.0571
78000    -327600    24.8838    -104.9812
78000    -312000    24.8929    -100.0108
78000    -296400    24.9402    -95.0027
78000    -280800    24.9416    -89.9688
78000    -265200    24.9284    -84.9729
78000    -249600    24.958    -79.9552
78000    -234000    24.9235    -74.9758
78000    -218400    24.9395    -69.9459
78000    -202800    24.8981    -64.963
78000    -187200    24.9022    -59.9971
78000    -171600    24.9236    -54.9693
78000    -156000    24.9371    -50.0013
78000    -140400    24.9275    -45.0076
78000    -124800    24.9727    -39.947
78000    -109200    24.9578    -34.9621
78000    -93600    24.9582    -29.9235
78000    -78000    25.0715    -24.9465
78000    -62400    24.9802    -19.9722
78000    -46800    24.9524    -14.9598
78000    -31200    24.9379    -9.9528
78000    -15600    24.995    -5.0059
78000    0    24.9826    -0.0223
78000    15600    24.9736    4.9767
78000    31200    25.0137    10.0128
78000    46800    25.0273    15.0449
78000    62400    24.9457    20.0014
78000    78000    24.916    25.0083
78000    93600    24.9855    30.0245
78000    109200    24.9882    35.0009
78000    124800    24.9926    40.0066
78000    140400    24.9953    44.9831
78000    156000    25.0294    49.9916
78000    171600    24.9967    55.0686
78000    187200    25.0375    60.074
78000    202800    24.9762    64.9391
78000    218400    25.011    70.0113
78000    234000    25.0072    75.0492
78000    249600    24.9733    80.0879
78000    265200    24.985    85.0501
78000    280800    24.9894    90.086
78000    296400    24.9711    95.0735
78000    312000    24.9336    100.11
78000    327600    24.9577    105.1037
93600    -327600    29.9273    -104.997
93600    -312000    29.882    -99.99
93600    -296400    29.8974    -94.9907
93600    -280800    29.9266    -89.9876
93600    -265200    29.8871    -84.9468
93600    -249600    29.8666    -79.955
93600    -234000    29.912    -74.9486
93600    -218400    29.8474    -69.949
93600    -202800    29.8592    -64.9741
93600    -187200    29.8148    -59.9808
93600    -171600    29.8601    -54.9929
93600    -156000    29.9128    -50.0151
93600    -140400    29.9051    -44.9917
93600    -124800    29.8335    -40.0189
93600    -109200    29.8923    -34.9896
93600    -93600    29.9121    -29.9444
93600    -78000    29.8829    -24.9761
93600    -62400    29.9354    -19.9895
93600    -46800    29.8902    -14.959
93600    -31200    29.8562    -9.9629
93600    -15600    29.9402    -5.0047
93600    0    29.9036    -0.0285
93600    15600    29.9242    5.0666
93600    31200    29.8972    10.0555
93600    46800    29.9427    15.022
93600    62400    29.9078    19.9791
93600    78000    29.9211    25.0253
93600    93600    29.9074    30.0228
93600    109200    29.9391    35.0256
93600    124800    30.0202    40.0202
93600    140400    29.9771    45.0403
93600    156000    29.941    49.9971
93600    171600    29.9425    55.0089
93600    187200    29.9246    60.0038
93600    202800    29.9266    64.9802
93600    218400    29.9494    69.986
93600    234000    29.9212    75.0308
93600    249600    29.8741    80.1128
93600    265200    29.9503    85.0715
93600    280800    29.9011    90.0049
93600    296400    29.8928    95.0567
93600    312000    29.8363    100.1776
93600    327600    29.8665    105.0674
109200    -327600    34.9189    -104.9707
109200    -312000    34.9363    -99.9549
109200    -296400    34.9131    -94.9691
109200    -280800    34.9183    -89.9362
109200    -265200    34.9134    -84.9713
109200    -249600    34.8611    -79.981
109200    -234000    34.9269    -74.9293
109200    -218400    34.9373    -69.9723
109200    -202800    34.9556    -64.9457
109200    -187200    34.9663    -59.9351
109200    -171600    34.9552    -54.9901
109200    -156000    35.0191    -49.981
109200    -140400    34.9523    -45.0205
109200    -124800    34.9098    -40.0032
109200    -109200    34.9348    -35.0041
109200    -93600    34.9566    -30.0007
109200    -78000    34.994    -25.0121
109200    -62400    34.9776    -20.0091
109200    -46800    34.9519    -14.9771
109200    -31200    34.9328    -9.9782
109200    -15600    34.951    -4.9845
109200    0    34.972    0.0151
109200    15600    35.022    5.0689
109200    31200    34.9811    10.0643
109200    46800    34.9818    15.0846
109200    62400    34.9536    20.0406
109200    78000    34.9543    25.0355
109200    93600    34.9646    30.0823
109200    109200    34.9857    35.0751
109200    124800    35.0094    40.0706
109200    140400    35.0072    45.0247
109200    156000    34.9806    50.0161
109200    171600    34.987    55.0042
109200    187200    34.9664    60.0193
109200    202800    34.9461    64.9795
109200    218400    34.9753    70.0037
109200    234000    34.9796    75.0542
109200    249600    34.9654    80.0875
109200    265200    34.9859    85.0624
109200    280800    35.0034    90.0739
109200    296400    34.9901    95.0809
109200    312000    34.9673    100.1222
109200    327600    34.9606    105.1124
124800    -327600    40.0081    -104.9688
124800    -312000    39.9346    -99.9547
124800    -296400    39.9757    -94.9836
124800    -280800    39.9717    -89.9898
124800    -265200    39.9251    -84.994
124800    -249600    39.9506    -79.9521
124800    -234000    39.9877    -74.9593
124800    -218400    39.9812    -70.041
124800    -202800    39.9864    -64.9981
124800    -187200    39.9747    -60.0072
124800    -171600    39.9804    -55.0183
124800    -156000    40.0067    -49.9706
124800    -140400    39.9534    -44.9752
124800    -124800    39.9622    -39.972
124800    -109200    39.9383    -34.9458
124800    -93600    40.036    -30.0364
124800    -78000    40.033    -25.0285
124800    -62400    40.0205    -19.9956
124800    -46800    40.0016    -14.9711
124800    -31200    39.9702    -9.9897
124800    -15600    40.0144    -4.9702
124800    0    40.0078    -0.0059
124800    15600    40.0323    5.0353
124800    31200    40.0578    10.072
124800    46800    39.9854    15.0656
124800    62400    40.0183    20.0178
124800    78000    39.9749    25.0297
124800    93600    40.0235    30.0887
124800    109200    40.0075    35.0543
124800    124800    40.0919    40.0537
124800    140400    40.0246    45.0137
124800    156000    39.9914    50.0234
124800    171600    40.0015    55.069
124800    187200    39.9869    59.9283
124800    202800    40.0123    65.0022
124800    218400    39.9994    70.0027
124800    234000    40.0476    75.061
124800    249600    40.0389    80.0632
124800    265200    40.0566    85.0634
124800    280800    40.0844    90.0486
124800    296400    40.0847    95.068
124800    312000    40.1001    100.1255
124800    327600    40.0695    105.0989
140400    -327600    44.9158    -104.9787
140400    -312000    44.9725    -99.9596
140400    -296400    45.0313    -95.0184
140400    -280800    44.9767    -89.9888
140400    -265200    44.9489    -85.0131
140400    -249600    44.9151    -80.0521
140400    -234000    44.9386    -74.9855
140400    -218400    44.9714    -69.9973
140400    -202800    45.0365    -64.993
140400    -187200    45.0037    -60.0245
140400    -171600    44.9422    -55.0405
140400    -156000    44.9683    -49.9828
140400    -140400    44.9897    -44.9775
140400    -124800    44.9306    -39.9653
140400    -109200    44.9819    -34.9849
140400    -93600    45.043    -30.0092
140400    -78000    45.0175    -24.9921
140400    -62400    45.0155    -19.9809
140400    -46800    44.9874    -15.0189
140400    -31200    45.0075    -9.9905
140400    -15600    44.9855    -5.0244
140400    0    44.9665    0.0155
140400    15600    44.9868    5.0504
140400    31200    44.981    10.0758
140400    46800    44.9752    15.0919
140400    62400    44.9809    20.0441
140400    78000    44.9878    25.0111
140400    93600    44.9475    30.0335
140400    109200    44.9819    35.0089
140400    124800    45.0074    40.0268
140400    140400    45.0272    45.0175
140400    156000    44.9611    50.0036
140400    171600    45.0114    55.0068
140400    187200    44.9859    60.0206
140400    202800    44.9809    65.0559
140400    218400    44.9816    70.0759
140400    234000    44.9729    75.1236
140400    249600    44.9843    80.0826
140400    265200    45.0198    85.0695
140400    280800    45.0304    90.0374
140400    296400    45.0211    95.0568
140400    312000    45.0396    100.0812
140400    327600    45.0205    105.0816
156000    -327600    49.9259    -104.9781
156000    -312000    49.9331    -99.9509
156000    -296400    49.943    -94.9647
156000    -280800    49.9393    -89.9807
156000    -265200    49.9243    -85.0338
156000    -249600    49.8968    -80.0903
156000    -234000    49.9281    -75.0189
156000    -218400    49.923    -69.9999
156000    -202800    49.9165    -65.0067
156000    -187200    49.9164    -60.0288
156000    -171600    49.9304    -55.0526
156000    -156000    49.9207    -50.0611
156000    -140400    49.8907    -45.0073
156000    -124800    49.8777    -40.0206
156000    -109200    49.9407    -34.9714
156000    -93600    49.9505    -29.9946
156000    -78000    49.9632    -24.9881
156000    -62400    49.9202    -19.9983
156000    -46800    49.9765    -15.0363
156000    -31200    49.9624    -10.0429
156000    -15600    49.9991    -5.0236
156000    0    49.9604    -0.0085
156000    15600    49.9745    5.0313
156000    31200    49.9347    10.0898
156000    46800    49.9467    15.0672
156000    62400    49.949    20.0522
156000    78000    49.8878    25.0443
156000    93600    49.9055    29.9652
156000    109200    49.8943    35.0169
156000    124800    49.9211    40.06
156000    140400    49.8561    44.9992
156000    156000    49.9222    49.9591
156000    171600    49.966    55.0108
156000    187200    49.9354    60.0386
156000    202800    49.9407    65.067
156000    218400    49.9134    70.1098
156000    234000    49.8918    75.1214
156000    249600    49.886    80.0891
156000    265200    49.9335    85.0679
156000    280800    49.9162    90.0728
156000    296400    49.9327    95.0103
156000    312000    49.9331    100.0755
156000    327600    49.9712    105.0487
171600    -327600    54.9881    -105.001
171600    -312000    54.9415    -99.9681
171600    -296400    54.9864    -94.993
171600    -280800    54.9976    -90.0105
171600    -265200    54.936    -85.0142
171600    -249600    54.9651    -80.0054
171600    -234000    54.9803    -75.0003
171600    -218400    54.9605    -69.9914
171600    -202800    54.9865    -64.981
171600    -187200    54.9613    -60.0149
171600    -171600    54.9927    -55.0286
171600    -156000    55.0126    -49.9967
171600    -140400    55.0262    -45.0291
171600    -124800    54.9991    -40.0012
171600    -109200    55.0287    -35.002
171600    -93600    55.0059    -29.9626
171600    -78000    54.9775    -24.9715
171600    -62400    55.0015    -19.9626
171600    -46800    54.9799    -15.0155
171600    -31200    54.9763    -10.0028
171600    -15600    54.98    -5.0248
171600    0    55.0276    0.0169
171600    15600    54.9768    5.0465
171600    31200    54.9994    10.0933
171600    46800    54.9751    15.0646
171600    62400    54.9558    20.0748
171600    78000    54.9313    25.0105
171600    93600    54.9521    30.0311
171600    109200    54.9706    35.0409
171600    124800    55.003    40.0229
171600    140400    54.9733    44.9652
171600    156000    55.0288    49.985
171600    171600    55.0138    55.0494
171600    187200    55.0081    60.0785
171600    202800    55.0184    65.0338
171600    218400    55.0375    70.0693
171600    234000    55.0016    75.0794
171600    249600    54.9938    80.1211
171600    265200    54.974    85.0844
171600    280800    55.0194    90.0418
171600    296400    55.0177    95.0854
171600    312000    55.0093    100.0848
171600    327600    55.0123    105.0735
187200    -327600    59.9794    -104.9832
187200    -312000    59.995    -99.9825
187200    -296400    59.9775    -94.9768
187200    -280800    59.9711    -89.9733
187200    -265200    59.9639    -84.988
187200    -249600    59.9851    -79.9635
187200    -234000    59.9707    -74.9564
187200    -218400    59.9847    -70.0608
187200    -202800    60.0095    -65.0009
187200    -187200    59.9981    -59.9637
187200    -171600    60.0255    -54.9362
187200    -156000    60.009    -50.0125
187200    -140400    60.041    -45.0185
187200    -124800    60.0488    -40.0509
187200    -109200    59.9705    -35.0129
187200    -93600    59.9925    -29.9491
187200    -78000    60.0032    -24.9219
187200    -62400    60.027    -19.9926
187200    -46800    59.9794    -14.9894
187200    -31200    60.0162    -10.068
187200    -15600    59.9844    -5.0031
187200    0    60.0177    0.0367
187200    15600    60.0388    5.0628
187200    31200    60.0619    10.0771
187200    46800    60.0272    15.1075
187200    62400    60.0141    20.1047
187200    78000    59.9733    25.0575
187200    93600    60.0171    30.057
187200    109200    59.9653    35.061
187200    124800    60.0187    40.0495
187200    140400    60.0297    45.0417
187200    156000    60.0361    50.0371
187200    171600    60.037    55.0231
187200    187200    60.068    59.9802
187200    202800    60.0715    64.9681
187200    218400    60.0621    69.9347
187200    234000    60.0456    75.0152
187200    249600    60.0142    80.0956
187200    265200    60.0321    85.064
187200    280800    60.0733    90.0146
187200    296400    60.0655    95.0719
187200    312000    60.0992    100.2082
187200    327600    60.0672    105.1306
202800    -327600    64.9359    -105.0447
202800    -312000    64.9742    -100.0735
202800    -296400    64.9614    -94.985
202800    -280800    64.9576    -89.956
202800    -265200    65.0096    -84.9693
202800    -249600    64.9583    -79.9622
202800    -234000    64.9426    -75.0176
202800    -218400    64.9474    -69.9767
202800    -202800    65.0459    -64.9677
202800    -187200    64.9737    -59.9422
202800    -171600    64.9711    -54.9469
202800    -156000    64.9663    -49.9523
202800    -140400    64.9818    -44.9785
202800    -124800    64.9686    -40.0036
202800    -109200    64.9436    -35.0035
202800    -93600    64.9729    -29.991
202800    -78000    65.009    -24.9798
202800    -62400    64.9932    -19.968
202800    -46800    64.9907    -15.0186
202800    -31200    64.9509    -10.0467
202800    -15600    64.971    -5.0217
202800    0    64.9923    0.0167
202800    15600    65.0139    5.0126
202800    31200    65.0217    10.0305
202800    46800    65.0577    15.0405
202800    62400    64.9972    20.0414
202800    78000    64.9666    25.0086
202800    93600    64.9899    30.0371
202800    109200    64.9668    35.0005
202800    124800    64.9915    40.0328
202800    140400    64.9419    44.9605
202800    156000    65.0034    49.9901
202800    171600    65.0111    54.9946
202800    187200    65.0633    60.0234
202800    202800    65.0067    64.9763
202800    218400    64.9854    70.0088
202800    234000    64.9669    75.0671
202800    249600    64.9398    80.0888
202800    265200    64.9647    85.0571
202800    280800    64.9981    90.0542
202800    296400    65.0055    95.084
202800    312000    65.0134    100.1323
202800    327600    64.9884    105.1071
218400    -327600    69.9606    -105.0573
218400    -312000    69.9118    -100.0532
218400    -296400    69.9402    -94.9948
218400    -280800    69.919    -89.9415
218400    -265200    69.9398    -84.971
218400    -249600    69.9347    -80.0393
218400    -234000    69.9402    -75.0447
218400    -218400    69.9517    -70.0037
218400    -202800    69.9803    -64.9546
218400    -187200    69.904    -59.8718
218400    -171600    69.9337    -54.9267
218400    -156000    69.8908    -49.968
218400    -140400    69.8552    -44.993
218400    -124800    69.8661    -39.9783
218400    -109200    69.925    -35.0044
218400    -93600    69.9413    -30.0237
218400    -78000    69.9901    -24.9901
218400    -62400    69.8898    -19.9734
218400    -46800    69.9506    -15.0418
218400    -31200    69.9362    -10.0742
218400    -15600    69.9795    -5.007
218400    0    69.9321    -0.0151
218400    15600    69.9864    4.9761
218400    31200    69.9976    10.0296
218400    46800    69.9625    15.0356
218400    62400    69.9644    20.0545
218400    78000    69.9594    25.0212
218400    93600    69.9428    30.0063
218400    109200    69.9474    35.0163
218400    124800    69.9277    39.962
218400    140400    69.9427    45.0056
218400    156000    69.9399    50.009
218400    171600    69.9877    54.9493
218400    187200    69.9617    59.8787
218400    202800    69.9207    64.9817
218400    218400    69.8919    70.0291
218400    234000    69.8346    75.0662
218400    249600    69.8536    80.0749
218400    265200    69.872    85.0563
218400    280800    69.9007    90.0587
218400    296400    69.9234    95.0762
218400    312000    69.8643    100.0768
218400    327600    69.9379    105.0891
234000    -327600    75.0067    -105.0668
234000    -312000    75.0284    -100.0069
234000    -296400    74.9706    -94.9707
234000    -280800    75.0103    -89.985
234000    -265200    75.0042    -84.9461
234000    -249600    74.9673    -79.98
234000    -234000    74.9731    -75.0138
234000    -218400    74.988    -70.0157
234000    -202800    75.0117    -65.0296
234000    -187200    75.0388    -60.015
234000    -171600    75.0032    -55.0152
234000    -156000    74.9458    -49.9728
234000    -140400    74.9583    -45.0003
234000    -124800    74.9494    -39.9984
234000    -109200    74.9707    -35.0039
234000    -93600    74.9973    -30.0029
234000    -78000    75.0587    -25.0255
234000    -62400    74.9664    -19.9429
234000    -46800    75.0097    -15.0168
234000    -31200    74.9855    -10.0241
234000    -15600    75.0011    -5.0262
234000    0    74.9856    0.0414
234000    15600    75.0133    4.985
234000    31200    75.0141    10.0434
234000    46800    75.0083    15.0241
234000    62400    75.0613    20.0869
234000    78000    75.0097    25.0269
234000    93600    75.024    30.029
234000    109200    75.0271    34.9669
234000    124800    74.9904    40.053
234000    140400    75.0305    44.9865
234000    156000    74.9924    49.9462
234000    171600    75.0265    54.9799
234000    187200    75.0508    59.9888
234000    202800    75.0087    64.9795
234000    218400    74.9681    70.0149
234000    234000    74.9389    75.0726
234000    249600    74.9272    80.0907
234000    265200    74.914    85.0922
234000    280800    74.9711    90.0442
234000    296400    75.0282    95.0689
234000    312000    75.0117    100.0857
234000    327600    74.9996    105.0598
249600    -327600    80.0623    -105.0055
249600    -312000    80.0323    -99.9765
249600    -296400    80.0335    -94.9971
249600    -280800    80.0895    -90.0014
249600    -265200    80.015    -84.9876
249600    -249600    79.9885    -79.9911
249600    -234000    80.005    -75.0406
249600    -218400    80.0098    -70.043
249600    -202800    79.9661    -65.0267
249600    -187200    80.021    -60.0336
249600    -171600    80.0522    -55.0124
249600    -156000    80.0203    -50.0109
249600    -140400    80.026    -45.0185
249600    -124800    80.0318    -40.0198
249600    -109200    80.0292    -35.0212
249600    -93600    80.0328    -29.9924
249600    -78000    80.0254    -24.9819
249600    -62400    80.0595    -19.9868
249600    -46800    80.0354    -14.9898
249600    -31200    80.0292    -10.03
249600    -15600    80.0301    -4.9831
249600    0    80.0199    0.031
249600    15600    80.0346    5.0377
249600    31200    79.9821    10.0374
249600    46800    80.0025    15.0722
249600    62400    80.0439    20.069
249600    78000    80.0541    25.0563
249600    93600    80.0893    30.0158
249600    109200    80.0667    35.0166
249600    124800    80.0326    40.0473
249600    140400    80.0252    45.0105
249600    156000    80.0546    50.0102
249600    171600    80.0422    55.0513
249600    187200    80.0361    60.0114
249600    202800    80.0385    64.9969
249600    218400    80.0206    70.0036
249600    234000    80.0401    75.0294
249600    249600    79.9472    80.0182
249600    265200    79.9947    85.0601
249600    280800    80.0448    90.0623
249600    296400    80.0747    95.0822
249600    312000    80.1011    100.0548
249600    327600    80.0303    105.0664
265200    -327600    85.0355    -104.9934
265200    -312000    85.0109    -99.9991
265200    -296400    84.9779    -95.0266
265200    -280800    85.0173    -90.0191
265200    -265200    84.9704    -84.9964
265200    -249600    84.9955    -80.0123
265200    -234000    84.9592    -75.0193
265200    -218400    84.9475    -70.0301
265200    -202800    84.9288    -65.0239
265200    -187200    84.9695    -59.9899
265200    -171600    84.9716    -55.0239
265200    -156000    84.9897    -50.0478
265200    -140400    84.98    -45.0274
265200    -124800    84.9911    -39.9652
265200    -109200    84.9306    -35.0055
265200    -93600    84.9866    -30.0036
265200    -78000    84.9848    -24.948
265200    -62400    84.9776    -19.984
265200    -46800    85.0189    -15.0128
265200    -31200    84.9933    -10.0554
265200    -15600    84.9966    -4.974
265200    0    85.0069    0.0854
265200    15600    84.9996    5.0576
265200    31200    84.981    10.0392
265200    46800    85    15.0497
265200    62400    85.0055    20.0858
265200    78000    85.0799    25.0409
265200    93600    85.0262    30.0225
265200    109200    85.0178    35.0678
265200    124800    85.0093    40.0564
265200    140400    84.9941    45.0388
265200    156000    84.96    50.0337
265200    171600    84.9763    54.9833
265200    187200    84.9842    60.0572
265200    202800    85.0071    65.0202
265200    218400    85.0118    70.0434
265200    234000    85.0013    75.0838
265200    249600    84.9776    80.0768
265200    265200    84.967    85.0521
265200    280800    85.0167    90.0607
265200    296400    85.034    95.0863
265200    312000    85.0079    100.0853
265200    327600    84.988    105.0862
280800    -327600    89.9595    -105.0176
280800    -312000    90.0213    -100.0305
280800    -296400    89.9708    -95.0151
280800    -280800    89.9493    -89.9908
280800    -265200    89.9228    -85.029
280800    -249600    89.8339    -80.0097
280800    -234000    89.911    -74.999
280800    -218400    89.9134    -69.9659
280800    -202800    89.938    -65.0356
280800    -187200    89.9131    -60.0341
280800    -171600    89.9367    -55.0459
280800    -156000    89.9391    -50.0173
280800    -140400    89.915    -44.997
280800    -124800    89.9165    -39.9271
280800    -109200    89.8669    -35.0048
280800    -93600    89.8632    -29.9981
280800    -78000    89.938    -25.0675
280800    -62400    89.9267    -19.9624
280800    -46800    89.9277    -14.9897
280800    -31200    89.9092    -10.0558
280800    -15600    89.9625    -5.0196
280800    0    89.9745    0.1211
280800    15600    89.9786    5.0377
280800    31200    89.9554    10.0059
280800    46800    89.9624    15.0259
280800    62400    90.0199    20.0571
280800    78000    89.9757    25.0652
280800    93600    89.9576    29.9672
280800    109200    89.9823    35.0273
280800    124800    89.9224    40.0514
280800    140400    89.9407    45.0508
280800    156000    89.8981    50.0503
280800    171600    89.8983    55.0429
280800    187200    89.9037    60.1022
280800    202800    89.9555    65.0515
280800    218400    89.9452    70.0498
280800    234000    89.9636    75.0752
280800    249600    89.9209    80.0637
280800    265200    89.9483    85.0673
280800    280800    89.942    90.0972
280800    296400    89.9514    95.0666
280800    312000    89.9758    100.096
280800    327600    89.9134    105.1466
296400    -327600    95.0256    -105.0401
296400    -312000    95.0545    -100.0399
296400    -296400    95.0526    -95.0479
296400    -280800    95.02    -90.0175
296400    -265200    94.9984    -85.0127
296400    -249600    94.9479    -80.0147
296400    -234000    94.9679    -75.0148
296400    -218400    94.9834    -70.007
296400    -202800    95.0182    -65.0241
296400    -187200    94.9741    -59.991
296400    -171600    94.9236    -55.0323
296400    -156000    94.9974    -50.0623
296400    -140400    94.9128    -45.0212
296400    -124800    95.0231    -39.9978
296400    -109200    94.9516    -35.0347
296400    -93600    94.9886    -30.0325
296400    -78000    94.9997    -25.0057
296400    -62400    95.0147    -19.9717
296400    -46800    94.9701    -14.9675
296400    -31200    94.973    -9.9783
296400    -15600    94.9821    -5.007
296400    0    94.9933    0.0603
296400    15600    94.9989    5.0156
296400    31200    95.0138    10.0141
296400    46800    95.0351    15.0044
296400    62400    95.0427    20.0639
296400    78000    94.9906    25.0158
296400    93600    94.9857    30.0025
296400    109200    94.9813    35.0461
296400    124800    94.9935    40.1192
296400    140400    94.9497    45.0296
296400    156000    94.9685    50.0077
296400    171600    95.0059    55.0563
296400    187200    94.9719    60.0831
296400    202800    94.9913    65.0694
296400    218400    95.0148    70.0069
296400    234000    95.0317    75.081
296400    249600    94.9846    80.1024
296400    265200    94.9814    85.107
296400    280800    94.9677    90.0711
296400    296400    94.985    95.1028
296400    312000    94.9727    100.135
296400    327600    95.0091    105.1549
312000    -327600    100.0891    -105.0585
312000    -312000    100.0706    -99.9972
312000    -296400    100.0831    -95.0537
312000    -280800    100.1101    -90.0254
312000    -265200    100.0658    -85.0292
312000    -249600    100.026    -80.0711
312000    -234000    100.0373    -75.0175
312000    -218400    100.006    -70.0679
312000    -202800    100.0379    -65.0332
312000    -187200    100.0236    -60.0065
312000    -171600    100.0311    -55.0093
312000    -156000    99.9712    -50.0099
312000    -140400    100.0177    -45.013
312000    -124800    100.054    -39.9963
312000    -109200    100.0567    -35.0219
312000    -93600    100.0623    -30.0464
312000    -78000    100.0298    -24.9886
312000    -62400    100.0699    -19.9238
312000    -46800    100.0059    -14.9571
312000    -31200    99.9819    -9.9792
312000    -15600    100.022    -4.9761
312000    0    99.9909    0.0185
312000    15600    99.9561    5.0167
312000    31200    100.0339    10.0303
312000    46800    100.0548    15.0314
312000    62400    100.0438    20.0701
312000    78000    100.0493    25.038
312000    93600    100.0206    30.0222
312000    109200    99.9996    35.0624
312000    124800    100    40.0616
312000    140400    100.0122    45.0198
312000    156000    100.0529    49.9708
312000    171600    100.02    55.0357
312000    187200    100.0552    60.098
312000    202800    100.0551    65.0897
312000    218400    100.1159    69.9193
312000    234000    100.0709    75.0778
312000    249600    100.0605    80.1295
312000    265200    100.0215    85.0986
312000    280800    100.0068    90.1559
312000    296400    100.0306    95.0877
312000    312000    100.076    100.1242
312000    327600    100.0215    105.1304
327600    -327600    105.0375    -105.0326
327600    -312000    105.0234    -100.0093
327600    -296400    105.0605    -95.0462
327600    -280800    105.0783    -90.0483
327600    -265200    105.0571    -85.105
327600    -249600    105.0403    -80.0678
327600    -234000    105.0531    -75.057
327600    -218400    105.042    -70.0387
327600    -202800    105.0737    -65.0215
327600    -187200    105.0166    -59.9809
327600    -171600    105.071    -55.0224
327600    -156000    105.0393    -49.9925
327600    -140400    104.9912    -45.0157
327600    -124800    104.9707    -39.9913
327600    -109200    105.0282    -35.0419
327600    -93600    105.0623    -30.0337
327600    -78000    105.0274    -25.0076
327600    -62400    105.015    -19.9531
327600    -46800    105.0101    -14.9724
327600    -31200    104.9956    -10.0049
327600    -15600    105.0031    -4.9829
327600    0    104.9914    0
327600    15600    104.9899    5.0145
327600    31200    105.0073    10.0365
327600    46800    104.9904    15.0397
327600    62400    105.0099    20.0271
327600    78000    104.9939    24.9865
327600    93600    104.9759    30.0012
327600    109200    104.9789    35.0296
327600    124800    104.9978    40.1096
327600    140400    105.0139    45.0002
327600    156000    105.0287    49.999
327600    171600    105.0286    55.024
327600    187200    104.9936    60.0517
327600    202800    105.0138    65.0657
327600    218400    105.0216    70.0632
327600    234000    105.047    75.0562
327600    249600    105.0205    80.0607
327600    265200    105.0261    85.0836
327600    280800    105.0238    90.1067
327600    296400    105.0274    95.1253
327600    312000    105.0126    100.1246
327600    327600    105.028    105.1234

